Aetesh
AP2110010079
11 13 24 23 21 8 
sumanth
AP2110010080
11 13 24 23 21 8 
Anudeep
AP21110010081
11 13 24 23 21 8 
Rohit
AP21110010082
11 13 24 23 21 8 
M.kumar
Ap20120238326
11 13 24 23 21 8 
siddu
AP20133764275
11 13 24 23 21 8 
sai
AP20138749752
11 13 24 23 21 8 
venky
AP21099765311
11 13 24 23 21 8 
Abdul
AP21298356820
11 13 24 23 21 8 
murali
AP23138746590
11 13 24 23 21 8 
siddardha
AP21110010800
11 13 24 23 21 8 
vinod
AP08001001112
11 13 24 23 21 8 
pavan
AP21110011234
11 13 24 23 21 8 
kasim
AP21189263527
11 13 24 23 21 8 
vivekananda
AP2190283617
11 13 24 23 21 8 
goverdan
AP2102872514
11 13 24 23 21 8 
mohan
AP2112312313
11 13 24 23 21 8 
prasana
AP9182617521
11 13 24 23 21 8 
venkat
AP9876543104
11 13 24 23 21 8 
teja
AP21110548048
11 13 24 23 21 8 
